1000 1000 1000
1 A 1 1000
2 A 1 1000
3 A 1 1000
4 A 1 1000
5 A 1 1000
6 A 1 1000
7 A 1 1000
8 A 1 1000
9 A 1 1000
10 A 1 1000
11 A 1 1000
12 A 1 1000
13 A 1 1000
14 A 1 1000
15 A 1 1000
16 A 1 1000
17 A 1 1000
18 A 1 1000
19 A 1 1000
20 A 1 1000
21 A 1 1000
22 A 1 1000
23 A 1 1000
24 A 1 1000
25 A 1 1000
26 A 1 1000
27 A 1 1000
28 A 1 1000
29 A 1 1000
30 A 1 1000
31 A 1 1000
32 A 1 1000
33 A 1 1000
34 A 1 1000
35 A 1 1000
36 A 1 1000
37 A 1 1000
38 A 1 1000
39 A 1 1000
40 A 1 1000
41 A 1 1000
42 A 1 1000
43 A 1 1000
44 A 1 1000
45 A 1 1000
46 A 1 1000
47 A 1 1000
48 A 1 1000
49 A 1 1000
50 A 1 1000
51 A 1 1000
52 A 1 1000
53 A 1 1000
54 A 1 1000
55 A 1 1000
56 A 1 1000
57 A 1 1000
58 A 1 1000
59 A 1 1000
60 A 1 1000
61 A 1 1000
62 A 1 1000
63 A 1 1000
64 A 1 1000
65 A 1 1000
66 A 1 1000
67 A 1 1000
68 A 1 1000
69 A 1 1000
70 A 1 1000
71 A 1 1000
72 A 1 1000
73 A 1 1000
74 A 1 1000
75 A 1 1000
76 A 1 1000
77 A 1 1000
78 A 1 1000
79 A 1 1000
80 A 1 1000
81 A 1 1000
82 A 1 1000
83 A 1 1000
84 A 1 1000
85 A 1 1000
86 A 1 1000
87 A 1 1000
88 A 1 1000
89 A 1 1000
90 A 1 1000
91 A 1 1000
92 A 1 1000
93 A 1 1000
94 A 1 1000
95 A 1 1000
96 A 1 1000
97 A 1 1000
98 A 1 1000
99 A 1 1000
100 A 1 1000
101 A 1 1000
102 A 1 1000
103 A 1 1000
104 A 1 1000
105 A 1 1000
106 A 1 1000
107 A 1 1000
108 A 1 1000
109 A 1 1000
110 A 1 1000
111 A 1 1000
112 A 1 1000
113 A 1 1000
114 A 1 1000
115 A 1 1000
116 A 1 1000
117 A 1 1000
118 A 1 1000
119 A 1 1000
120 A 1 1000
121 A 1 1000
122 A 1 1000
123 A 1 1000
124 A 1 1000
125 A 1 1000
126 A 1 1000
127 A 1 1000
128 A 1 1000
129 A 1 1000
130 A 1 1000
131 A 1 1000
132 A 1 1000
133 A 1 1000
134 A 1 1000
135 A 1 1000
136 A 1 1000
137 A 1 1000
138 A 1 1000
139 A 1 1000
140 A 1 1000
141 A 1 1000
142 A 1 1000
143 A 1 1000
144 A 1 1000
145 A 1 1000
146 A 1 1000
147 A 1 1000
148 A 1 1000
149 A 1 1000
150 A 1 1000
151 A 1 1000
152 A 1 1000
153 A 1 1000
154 A 1 1000
155 A 1 1000
156 A 1 1000
157 A 1 1000
158 A 1 1000
159 A 1 1000
160 A 1 1000
161 A 1 1000
162 A 1 1000
163 A 1 1000
164 A 1 1000
165 A 1 1000
166 A 1 1000
167 A 1 1000
168 A 1 1000
169 A 1 1000
170 A 1 1000
171 A 1 1000
172 A 1 1000
173 A 1 1000
174 A 1 1000
175 A 1 1000
176 A 1 1000
177 A 1 1000
178 A 1 1000
179 A 1 1000
180 A 1 1000
181 A 1 1000
182 A 1 1000
183 A 1 1000
184 A 1 1000
185 A 1 1000
186 A 1 1000
187 A 1 1000
188 A 1 1000
189 A 1 1000
190 A 1 1000
191 A 1 1000
192 A 1 1000
193 A 1 1000
194 A 1 1000
195 A 1 1000
196 A 1 1000
197 A 1 1000
198 A 1 1000
199 A 1 1000
200 A 1 1000
201 A 1 1000
202 A 1 1000
203 A 1 1000
204 A 1 1000
205 A 1 1000
206 A 1 1000
207 A 1 1000
208 A 1 1000
209 A 1 1000
210 A 1 1000
211 A 1 1000
212 A 1 1000
213 A 1 1000
214 A 1 1000
215 A 1 1000
216 A 1 1000
217 A 1 1000
218 A 1 1000
219 A 1 1000
220 A 1 1000
221 A 1 1000
222 A 1 1000
223 A 1 1000
224 A 1 1000
225 A 1 1000
226 A 1 1000
227 A 1 1000
228 A 1 1000
229 A 1 1000
230 A 1 1000
231 A 1 1000
232 A 1 1000
233 A 1 1000
234 A 1 1000
235 A 1 1000
236 A 1 1000
237 A 1 1000
238 A 1 1000
239 A 1 1000
240 A 1 1000
241 A 1 1000
242 A 1 1000
243 A 1 1000
244 A 1 1000
245 A 1 1000
246 A 1 1000
247 A 1 1000
248 A 1 1000
249 A 1 1000
250 A 1 1000
251 A 1 1000
252 A 1 1000
253 A 1 1000
254 A 1 1000
255 A 1 1000
256 A 1 1000
257 A 1 1000
258 A 1 1000
259 A 1 1000
260 A 1 1000
261 A 1 1000
262 A 1 1000
263 A 1 1000
264 A 1 1000
265 A 1 1000
266 A 1 1000
267 A 1 1000
268 A 1 1000
269 A 1 1000
270 A 1 1000
271 A 1 1000
272 A 1 1000
273 A 1 1000
274 A 1 1000
275 A 1 1000
276 A 1 1000
277 A 1 1000
278 A 1 1000
279 A 1 1000
280 A 1 1000
281 A 1 1000
282 A 1 1000
283 A 1 1000
284 A 1 1000
285 A 1 1000
286 A 1 1000
287 A 1 1000
288 A 1 1000
289 A 1 1000
290 A 1 1000
291 A 1 1000
292 A 1 1000
293 A 1 1000
294 A 1 1000
295 A 1 1000
296 A 1 1000
297 A 1 1000
298 A 1 1000
299 A 1 1000
300 A 1 1000
301 A 1 1000
302 A 1 1000
303 A 1 1000
304 A 1 1000
305 A 1 1000
306 A 1 1000
307 A 1 1000
308 A 1 1000
309 A 1 1000
310 A 1 1000
311 A 1 1000
312 A 1 1000
313 A 1 1000
314 A 1 1000
315 A 1 1000
316 A 1 1000
317 A 1 1000
318 A 1 1000
319 A 1 1000
320 A 1 1000
321 A 1 1000
322 A 1 1000
323 A 1 1000
324 A 1 1000
325 A 1 1000
326 A 1 1000
327 A 1 1000
328 A 1 1000
329 A 1 1000
330 A 1 1000
331 A 1 1000
332 A 1 1000
333 A 1 1000
334 A 1 1000
335 A 1 1000
336 A 1 1000
337 A 1 1000
338 A 1 1000
339 A 1 1000
340 A 1 1000
341 A 1 1000
342 A 1 1000
343 A 1 1000
344 A 1 1000
345 A 1 1000
346 A 1 1000
347 A 1 1000
348 A 1 1000
349 A 1 1000
350 A 1 1000
351 A 1 1000
352 A 1 1000
353 A 1 1000
354 A 1 1000
355 A 1 1000
356 A 1 1000
357 A 1 1000
358 A 1 1000
359 A 1 1000
360 A 1 1000
361 A 1 1000
362 A 1 1000
363 A 1 1000
364 A 1 1000
365 A 1 1000
366 A 1 1000
367 A 1 1000
368 A 1 1000
369 A 1 1000
370 A 1 1000
371 A 1 1000
372 A 1 1000
373 A 1 1000
374 A 1 1000
375 A 1 1000
376 A 1 1000
377 A 1 1000
378 A 1 1000
379 A 1 1000
380 A 1 1000
381 A 1 1000
382 A 1 1000
383 A 1 1000
384 A 1 1000
385 A 1 1000
386 A 1 1000
387 A 1 1000
388 A 1 1000
389 A 1 1000
390 A 1 1000
391 A 1 1000
392 A 1 1000
393 A 1 1000
394 A 1 1000
395 A 1 1000
396 A 1 1000
397 A 1 1000
398 A 1 1000
399 A 1 1000
400 A 1 1000
401 A 1 1000
402 A 1 1000
403 A 1 1000
404 A 1 1000
405 A 1 1000
406 A 1 1000
407 A 1 1000
408 A 1 1000
409 A 1 1000
410 A 1 1000
411 A 1 1000
412 A 1 1000
413 A 1 1000
414 A 1 1000
415 A 1 1000
416 A 1 1000
417 A 1 1000
418 A 1 1000
419 A 1 1000
420 A 1 1000
421 A 1 1000
422 A 1 1000
423 A 1 1000
424 A 1 1000
425 A 1 1000
426 A 1 1000
427 A 1 1000
428 A 1 1000
429 A 1 1000
430 A 1 1000
431 A 1 1000
432 A 1 1000
433 A 1 1000
434 A 1 1000
435 A 1 1000
436 A 1 1000
437 A 1 1000
438 A 1 1000
439 A 1 1000
440 A 1 1000
441 A 1 1000
442 A 1 1000
443 A 1 1000
444 A 1 1000
445 A 1 1000
446 A 1 1000
447 A 1 1000
448 A 1 1000
449 A 1 1000
450 A 1 1000
451 A 1 1000
452 A 1 1000
453 A 1 1000
454 A 1 1000
455 A 1 1000
456 A 1 1000
457 A 1 1000
458 A 1 1000
459 A 1 1000
460 A 1 1000
461 A 1 1000
462 A 1 1000
463 A 1 1000
464 A 1 1000
465 A 1 1000
466 A 1 1000
467 A 1 1000
468 A 1 1000
469 A 1 1000
470 A 1 1000
471 A 1 1000
472 A 1 1000
473 A 1 1000
474 A 1 1000
475 A 1 1000
476 A 1 1000
477 A 1 1000
478 A 1 1000
479 A 1 1000
480 A 1 1000
481 A 1 1000
482 A 1 1000
483 A 1 1000
484 A 1 1000
485 A 1 1000
486 A 1 1000
487 A 1 1000
488 A 1 1000
489 A 1 1000
490 A 1 1000
491 A 1 1000
492 A 1 1000
493 A 1 1000
494 A 1 1000
495 A 1 1000
496 A 1 1000
497 A 1 1000
498 A 1 1000
499 A 1 1000
500 A 1 1000
501 A 1 1000
502 A 1 1000
503 A 1 1000
504 A 1 1000
505 A 1 1000
506 A 1 1000
507 A 1 1000
508 A 1 1000
509 A 1 1000
510 A 1 1000
511 A 1 1000
512 A 1 1000
513 A 1 1000
514 A 1 1000
515 A 1 1000
516 A 1 1000
517 A 1 1000
518 A 1 1000
519 A 1 1000
520 A 1 1000
521 A 1 1000
522 A 1 1000
523 A 1 1000
524 A 1 1000
525 A 1 1000
526 A 1 1000
527 A 1 1000
528 A 1 1000
529 A 1 1000
530 A 1 1000
531 A 1 1000
532 A 1 1000
533 A 1 1000
534 A 1 1000
535 A 1 1000
536 A 1 1000
537 A 1 1000
538 A 1 1000
539 A 1 1000
540 A 1 1000
541 A 1 1000
542 A 1 1000
543 A 1 1000
544 A 1 1000
545 A 1 1000
546 A 1 1000
547 A 1 1000
548 A 1 1000
549 A 1 1000
550 A 1 1000
551 A 1 1000
552 A 1 1000
553 A 1 1000
554 A 1 1000
555 A 1 1000
556 A 1 1000
557 A 1 1000
558 A 1 1000
559 A 1 1000
560 A 1 1000
561 A 1 1000
562 A 1 1000
563 A 1 1000
564 A 1 1000
565 A 1 1000
566 A 1 1000
567 A 1 1000
568 A 1 1000
569 A 1 1000
570 A 1 1000
571 A 1 1000
572 A 1 1000
573 A 1 1000
574 A 1 1000
575 A 1 1000
576 A 1 1000
577 A 1 1000
578 A 1 1000
579 A 1 1000
580 A 1 1000
581 A 1 1000
582 A 1 1000
583 A 1 1000
584 A 1 1000
585 A 1 1000
586 A 1 1000
587 A 1 1000
588 A 1 1000
589 A 1 1000
590 A 1 1000
591 A 1 1000
592 A 1 1000
593 A 1 1000
594 A 1 1000
595 A 1 1000
596 A 1 1000
597 A 1 1000
598 A 1 1000
599 A 1 1000
600 A 1 1000
601 A 1 1000
602 A 1 1000
603 A 1 1000
604 A 1 1000
605 A 1 1000
606 A 1 1000
607 A 1 1000
608 A 1 1000
609 A 1 1000
610 A 1 1000
611 A 1 1000
612 A 1 1000
613 A 1 1000
614 A 1 1000
615 A 1 1000
616 A 1 1000
617 A 1 1000
618 A 1 1000
619 A 1 1000
620 A 1 1000
621 A 1 1000
622 A 1 1000
623 A 1 1000
624 A 1 1000
625 A 1 1000
626 A 1 1000
627 A 1 1000
628 A 1 1000
629 A 1 1000
630 A 1 1000
631 A 1 1000
632 A 1 1000
633 A 1 1000
634 A 1 1000
635 A 1 1000
636 A 1 1000
637 A 1 1000
638 A 1 1000
639 A 1 1000
640 A 1 1000
641 A 1 1000
642 A 1 1000
643 A 1 1000
644 A 1 1000
645 A 1 1000
646 A 1 1000
647 A 1 1000
648 A 1 1000
649 A 1 1000
650 A 1 1000
651 A 1 1000
652 A 1 1000
653 A 1 1000
654 A 1 1000
655 A 1 1000
656 A 1 1000
657 A 1 1000
658 A 1 1000
659 A 1 1000
660 A 1 1000
661 A 1 1000
662 A 1 1000
663 A 1 1000
664 A 1 1000
665 A 1 1000
666 A 1 1000
667 A 1 1000
668 A 1 1000
669 A 1 1000
670 A 1 1000
671 A 1 1000
672 A 1 1000
673 A 1 1000
674 A 1 1000
675 A 1 1000
676 A 1 1000
677 A 1 1000
678 A 1 1000
679 A 1 1000
680 A 1 1000
681 A 1 1000
682 A 1 1000
683 A 1 1000
684 A 1 1000
685 A 1 1000
686 A 1 1000
687 A 1 1000
688 A 1 1000
689 A 1 1000
690 A 1 1000
691 A 1 1000
692 A 1 1000
693 A 1 1000
694 A 1 1000
695 A 1 1000
696 A 1 1000
697 A 1 1000
698 A 1 1000
699 A 1 1000
700 A 1 1000
701 A 1 1000
702 A 1 1000
703 A 1 1000
704 A 1 1000
705 A 1 1000
706 A 1 1000
707 A 1 1000
708 A 1 1000
709 A 1 1000
710 A 1 1000
711 A 1 1000
712 A 1 1000
713 A 1 1000
714 A 1 1000
715 A 1 1000
716 A 1 1000
717 A 1 1000
718 A 1 1000
719 A 1 1000
720 A 1 1000
721 A 1 1000
722 A 1 1000
723 A 1 1000
724 A 1 1000
725 A 1 1000
726 A 1 1000
727 A 1 1000
728 A 1 1000
729 A 1 1000
730 A 1 1000
731 A 1 1000
732 A 1 1000
733 A 1 1000
734 A 1 1000
735 A 1 1000
736 A 1 1000
737 A 1 1000
738 A 1 1000
739 A 1 1000
740 A 1 1000
741 A 1 1000
742 A 1 1000
743 A 1 1000
744 A 1 1000
745 A 1 1000
746 A 1 1000
747 A 1 1000
748 A 1 1000
749 A 1 1000
750 A 1 1000
751 A 1 1000
752 A 1 1000
753 A 1 1000
754 A 1 1000
755 A 1 1000
756 A 1 1000
757 A 1 1000
758 A 1 1000
759 A 1 1000
760 A 1 1000
761 A 1 1000
762 A 1 1000
763 A 1 1000
764 A 1 1000
765 A 1 1000
766 A 1 1000
767 A 1 1000
768 A 1 1000
769 A 1 1000
770 A 1 1000
771 A 1 1000
772 A 1 1000
773 A 1 1000
774 A 1 1000
775 A 1 1000
776 A 1 1000
777 A 1 1000
778 A 1 1000
779 A 1 1000
780 A 1 1000
781 A 1 1000
782 A 1 1000
783 A 1 1000
784 A 1 1000
785 A 1 1000
786 A 1 1000
787 A 1 1000
788 A 1 1000
789 A 1 1000
790 A 1 1000
791 A 1 1000
792 A 1 1000
793 A 1 1000
794 A 1 1000
795 A 1 1000
796 A 1 1000
797 A 1 1000
798 A 1 1000
799 A 1 1000
800 A 1 1000
801 A 1 1000
802 A 1 1000
803 A 1 1000
804 A 1 1000
805 A 1 1000
806 A 1 1000
807 A 1 1000
808 A 1 1000
809 A 1 1000
810 A 1 1000
811 A 1 1000
812 A 1 1000
813 A 1 1000
814 A 1 1000
815 A 1 1000
816 A 1 1000
817 A 1 1000
818 A 1 1000
819 A 1 1000
820 A 1 1000
821 A 1 1000
822 A 1 1000
823 A 1 1000
824 A 1 1000
825 A 1 1000
826 A 1 1000
827 A 1 1000
828 A 1 1000
829 A 1 1000
830 A 1 1000
831 A 1 1000
832 A 1 1000
833 A 1 1000
834 A 1 1000
835 A 1 1000
836 A 1 1000
837 A 1 1000
838 A 1 1000
839 A 1 1000
840 A 1 1000
841 A 1 1000
842 A 1 1000
843 A 1 1000
844 A 1 1000
845 A 1 1000
846 A 1 1000
847 A 1 1000
848 A 1 1000
849 A 1 1000
850 A 1 1000
851 A 1 1000
852 A 1 1000
853 A 1 1000
854 A 1 1000
855 A 1 1000
856 A 1 1000
857 A 1 1000
858 A 1 1000
859 A 1 1000
860 A 1 1000
861 A 1 1000
862 A 1 1000
863 A 1 1000
864 A 1 1000
865 A 1 1000
866 A 1 1000
867 A 1 1000
868 A 1 1000
869 A 1 1000
870 A 1 1000
871 A 1 1000
872 A 1 1000
873 A 1 1000
874 A 1 1000
875 A 1 1000
876 A 1 1000
877 A 1 1000
878 A 1 1000
879 A 1 1000
880 A 1 1000
881 A 1 1000
882 A 1 1000
883 A 1 1000
884 A 1 1000
885 A 1 1000
886 A 1 1000
887 A 1 1000
888 A 1 1000
889 A 1 1000
890 A 1 1000
891 A 1 1000
892 A 1 1000
893 A 1 1000
894 A 1 1000
895 A 1 1000
896 A 1 1000
897 A 1 1000
898 A 1 1000
899 A 1 1000
900 A 1 1000
901 A 1 1000
902 A 1 1000
903 A 1 1000
904 A 1 1000
905 A 1 1000
906 A 1 1000
907 A 1 1000
908 A 1 1000
909 A 1 1000
910 A 1 1000
911 A 1 1000
912 A 1 1000
913 A 1 1000
914 A 1 1000
915 A 1 1000
916 A 1 1000
917 A 1 1000
918 A 1 1000
919 A 1 1000
920 A 1 1000
921 A 1 1000
922 A 1 1000
923 A 1 1000
924 A 1 1000
925 A 1 1000
926 A 1 1000
927 A 1 1000
928 A 1 1000
929 A 1 1000
930 A 1 1000
931 A 1 1000
932 A 1 1000
933 A 1 1000
934 A 1 1000
935 A 1 1000
936 A 1 1000
937 A 1 1000
938 A 1 1000
939 A 1 1000
940 A 1 1000
941 A 1 1000
942 A 1 1000
943 A 1 1000
944 A 1 1000
945 A 1 1000
946 A 1 1000
947 A 1 1000
948 A 1 1000
949 A 1 1000
950 A 1 1000
951 A 1 1000
952 A 1 1000
953 A 1 1000
954 A 1 1000
955 A 1 1000
956 A 1 1000
957 A 1 1000
958 A 1 1000
959 A 1 1000
960 A 1 1000
961 A 1 1000
962 A 1 1000
963 A 1 1000
964 A 1 1000
965 A 1 1000
966 A 1 1000
967 A 1 1000
968 A 1 1000
969 A 1 1000
970 A 1 1000
971 A 1 1000
972 A 1 1000
973 A 1 1000
974 A 1 1000
975 A 1 1000
976 A 1 1000
977 A 1 1000
978 A 1 1000
979 A 1 1000
980 A 1 1000
981 A 1 1000
982 A 1 1000
983 A 1 1000
984 A 1 1000
985 A 1 1000
986 A 1 1000
987 A 1 1000
988 A 1 1000
989 A 1 1000
990 A 1 1000
991 A 1 1000
992 A 1 1000
993 A 1 1000
994 A 1 1000
995 A 1 1000
996 A 1 1000
997 A 1 1000
998 A 1 1000
999 A 1 1000
1000 A 1 1000
1 R 1 1000
2 R 1 1000
3 R 1 1000
4 R 1 1000
5 R 1 1000
6 R 1 1000
7 R 1 1000
8 R 1 1000
9 R 1 1000
10 R 1 1000
11 R 1 1000
12 R 1 1000
13 R 1 1000
14 R 1 1000
15 R 1 1000
16 R 1 1000
17 R 1 1000
18 R 1 1000
19 R 1 1000
20 R 1 1000
21 R 1 1000
22 R 1 1000
23 R 1 1000
24 R 1 1000
25 R 1 1000
26 R 1 1000
27 R 1 1000
28 R 1 1000
29 R 1 1000
30 R 1 1000
31 R 1 1000
32 R 1 1000
33 R 1 1000
34 R 1 1000
35 R 1 1000
36 R 1 1000
37 R 1 1000
38 R 1 1000
39 R 1 1000
40 R 1 1000
41 R 1 1000
42 R 1 1000
43 R 1 1000
44 R 1 1000
45 R 1 1000
46 R 1 1000
47 R 1 1000
48 R 1 1000
49 R 1 1000
50 R 1 1000
51 R 1 1000
52 R 1 1000
53 R 1 1000
54 R 1 1000
55 R 1 1000
56 R 1 1000
57 R 1 1000
58 R 1 1000
59 R 1 1000
60 R 1 1000
61 R 1 1000
62 R 1 1000
63 R 1 1000
64 R 1 1000
65 R 1 1000
66 R 1 1000
67 R 1 1000
68 R 1 1000
69 R 1 1000
70 R 1 1000
71 R 1 1000
72 R 1 1000
73 R 1 1000
74 R 1 1000
75 R 1 1000
76 R 1 1000
77 R 1 1000
78 R 1 1000
79 R 1 1000
80 R 1 1000
81 R 1 1000
82 R 1 1000
83 R 1 1000
84 R 1 1000
85 R 1 1000
86 R 1 1000
87 R 1 1000
88 R 1 1000
89 R 1 1000
90 R 1 1000
91 R 1 1000
92 R 1 1000
93 R 1 1000
94 R 1 1000
95 R 1 1000
96 R 1 1000
97 R 1 1000
98 R 1 1000
99 R 1 1000
100 R 1 1000
101 R 1 1000
102 R 1 1000
103 R 1 1000
104 R 1 1000
105 R 1 1000
106 R 1 1000
107 R 1 1000
108 R 1 1000
109 R 1 1000
110 R 1 1000
111 R 1 1000
112 R 1 1000
113 R 1 1000
114 R 1 1000
115 R 1 1000
116 R 1 1000
117 R 1 1000
118 R 1 1000
119 R 1 1000
120 R 1 1000
121 R 1 1000
122 R 1 1000
123 R 1 1000
124 R 1 1000
125 R 1 1000
126 R 1 1000
127 R 1 1000
128 R 1 1000
129 R 1 1000
130 R 1 1000
131 R 1 1000
132 R 1 1000
133 R 1 1000
134 R 1 1000
135 R 1 1000
136 R 1 1000
137 R 1 1000
138 R 1 1000
139 R 1 1000
140 R 1 1000
141 R 1 1000
142 R 1 1000
143 R 1 1000
144 R 1 1000
145 R 1 1000
146 R 1 1000
147 R 1 1000
148 R 1 1000
149 R 1 1000
150 R 1 1000
151 R 1 1000
152 R 1 1000
153 R 1 1000
154 R 1 1000
155 R 1 1000
156 R 1 1000
157 R 1 1000
158 R 1 1000
159 R 1 1000
160 R 1 1000
161 R 1 1000
162 R 1 1000
163 R 1 1000
164 R 1 1000
165 R 1 1000
166 R 1 1000
167 R 1 1000
168 R 1 1000
169 R 1 1000
170 R 1 1000
171 R 1 1000
172 R 1 1000
173 R 1 1000
174 R 1 1000
175 R 1 1000
176 R 1 1000
177 R 1 1000
178 R 1 1000
179 R 1 1000
180 R 1 1000
181 R 1 1000
182 R 1 1000
183 R 1 1000
184 R 1 1000
185 R 1 1000
186 R 1 1000
187 R 1 1000
188 R 1 1000
189 R 1 1000
190 R 1 1000
191 R 1 1000
192 R 1 1000
193 R 1 1000
194 R 1 1000
195 R 1 1000
196 R 1 1000
197 R 1 1000
198 R 1 1000
199 R 1 1000
200 R 1 1000
201 R 1 1000
202 R 1 1000
203 R 1 1000
204 R 1 1000
205 R 1 1000
206 R 1 1000
207 R 1 1000
208 R 1 1000
209 R 1 1000
210 R 1 1000
211 R 1 1000
212 R 1 1000
213 R 1 1000
214 R 1 1000
215 R 1 1000
216 R 1 1000
217 R 1 1000
218 R 1 1000
219 R 1 1000
220 R 1 1000
221 R 1 1000
222 R 1 1000
223 R 1 1000
224 R 1 1000
225 R 1 1000
226 R 1 1000
227 R 1 1000
228 R 1 1000
229 R 1 1000
230 R 1 1000
231 R 1 1000
232 R 1 1000
233 R 1 1000
234 R 1 1000
235 R 1 1000
236 R 1 1000
237 R 1 1000
238 R 1 1000
239 R 1 1000
240 R 1 1000
241 R 1 1000
242 R 1 1000
243 R 1 1000
244 R 1 1000
245 R 1 1000
246 R 1 1000
247 R 1 1000
248 R 1 1000
249 R 1 1000
250 R 1 1000
251 R 1 1000
252 R 1 1000
253 R 1 1000
254 R 1 1000
255 R 1 1000
256 R 1 1000
257 R 1 1000
258 R 1 1000
259 R 1 1000
260 R 1 1000
261 R 1 1000
262 R 1 1000
263 R 1 1000
264 R 1 1000
265 R 1 1000
266 R 1 1000
267 R 1 1000
268 R 1 1000
269 R 1 1000
270 R 1 1000
271 R 1 1000
272 R 1 1000
273 R 1 1000
274 R 1 1000
275 R 1 1000
276 R 1 1000
277 R 1 1000
278 R 1 1000
279 R 1 1000
280 R 1 1000
281 R 1 1000
282 R 1 1000
283 R 1 1000
284 R 1 1000
285 R 1 1000
286 R 1 1000
287 R 1 1000
288 R 1 1000
289 R 1 1000
290 R 1 1000
291 R 1 1000
292 R 1 1000
293 R 1 1000
294 R 1 1000
295 R 1 1000
296 R 1 1000
297 R 1 1000
298 R 1 1000
299 R 1 1000
300 R 1 1000
301 R 1 1000
302 R 1 1000
303 R 1 1000
304 R 1 1000
305 R 1 1000
306 R 1 1000
307 R 1 1000
308 R 1 1000
309 R 1 1000
310 R 1 1000
311 R 1 1000
312 R 1 1000
313 R 1 1000
314 R 1 1000
315 R 1 1000
316 R 1 1000
317 R 1 1000
318 R 1 1000
319 R 1 1000
320 R 1 1000
321 R 1 1000
322 R 1 1000
323 R 1 1000
324 R 1 1000
325 R 1 1000
326 R 1 1000
327 R 1 1000
328 R 1 1000
329 R 1 1000
330 R 1 1000
331 R 1 1000
332 R 1 1000
333 R 1 1000
334 R 1 1000
335 R 1 1000
336 R 1 1000
337 R 1 1000
338 R 1 1000
339 R 1 1000
340 R 1 1000
341 R 1 1000
342 R 1 1000
343 R 1 1000
344 R 1 1000
345 R 1 1000
346 R 1 1000
347 R 1 1000
348 R 1 1000
349 R 1 1000
350 R 1 1000
351 R 1 1000
352 R 1 1000
353 R 1 1000
354 R 1 1000
355 R 1 1000
356 R 1 1000
357 R 1 1000
358 R 1 1000
359 R 1 1000
360 R 1 1000
361 R 1 1000
362 R 1 1000
363 R 1 1000
364 R 1 1000
365 R 1 1000
366 R 1 1000
367 R 1 1000
368 R 1 1000
369 R 1 1000
370 R 1 1000
371 R 1 1000
372 R 1 1000
373 R 1 1000
374 R 1 1000
375 R 1 1000
376 R 1 1000
377 R 1 1000
378 R 1 1000
379 R 1 1000
380 R 1 1000
381 R 1 1000
382 R 1 1000
383 R 1 1000
384 R 1 1000
385 R 1 1000
386 R 1 1000
387 R 1 1000
388 R 1 1000
389 R 1 1000
390 R 1 1000
391 R 1 1000
392 R 1 1000
393 R 1 1000
394 R 1 1000
395 R 1 1000
396 R 1 1000
397 R 1 1000
398 R 1 1000
399 R 1 1000
400 R 1 1000
401 R 1 1000
402 R 1 1000
403 R 1 1000
404 R 1 1000
405 R 1 1000
406 R 1 1000
407 R 1 1000
408 R 1 1000
409 R 1 1000
410 R 1 1000
411 R 1 1000
412 R 1 1000
413 R 1 1000
414 R 1 1000
415 R 1 1000
416 R 1 1000
417 R 1 1000
418 R 1 1000
419 R 1 1000
420 R 1 1000
421 R 1 1000
422 R 1 1000
423 R 1 1000
424 R 1 1000
425 R 1 1000
426 R 1 1000
427 R 1 1000
428 R 1 1000
429 R 1 1000
430 R 1 1000
431 R 1 1000
432 R 1 1000
433 R 1 1000
434 R 1 1000
435 R 1 1000
436 R 1 1000
437 R 1 1000
438 R 1 1000
439 R 1 1000
440 R 1 1000
441 R 1 1000
442 R 1 1000
443 R 1 1000
444 R 1 1000
445 R 1 1000
446 R 1 1000
447 R 1 1000
448 R 1 1000
449 R 1 1000
450 R 1 1000
451 R 1 1000
452 R 1 1000
453 R 1 1000
454 R 1 1000
455 R 1 1000
456 R 1 1000
457 R 1 1000
458 R 1 1000
459 R 1 1000
460 R 1 1000
461 R 1 1000
462 R 1 1000
463 R 1 1000
464 R 1 1000
465 R 1 1000
466 R 1 1000
467 R 1 1000
468 R 1 1000
469 R 1 1000
470 R 1 1000
471 R 1 1000
472 R 1 1000
473 R 1 1000
474 R 1 1000
475 R 1 1000
476 R 1 1000
477 R 1 1000
478 R 1 1000
479 R 1 1000
480 R 1 1000
481 R 1 1000
482 R 1 1000
483 R 1 1000
484 R 1 1000
485 R 1 1000
486 R 1 1000
487 R 1 1000
488 R 1 1000
489 R 1 1000
490 R 1 1000
491 R 1 1000
492 R 1 1000
493 R 1 1000
494 R 1 1000
495 R 1 1000
496 R 1 1000
497 R 1 1000
498 R 1 1000
499 R 1 1000
500 R 1 1000
501 R 1 1000
502 R 1 1000
503 R 1 1000
504 R 1 1000
505 R 1 1000
506 R 1 1000
507 R 1 1000
508 R 1 1000
509 R 1 1000
510 R 1 1000
511 R 1 1000
512 R 1 1000
513 R 1 1000
514 R 1 1000
515 R 1 1000
516 R 1 1000
517 R 1 1000
518 R 1 1000
519 R 1 1000
520 R 1 1000
521 R 1 1000
522 R 1 1000
523 R 1 1000
524 R 1 1000
525 R 1 1000
526 R 1 1000
527 R 1 1000
528 R 1 1000
529 R 1 1000
530 R 1 1000
531 R 1 1000
532 R 1 1000
533 R 1 1000
534 R 1 1000
535 R 1 1000
536 R 1 1000
537 R 1 1000
538 R 1 1000
539 R 1 1000
540 R 1 1000
541 R 1 1000
542 R 1 1000
543 R 1 1000
544 R 1 1000
545 R 1 1000
546 R 1 1000
547 R 1 1000
548 R 1 1000
549 R 1 1000
550 R 1 1000
551 R 1 1000
552 R 1 1000
553 R 1 1000
554 R 1 1000
555 R 1 1000
556 R 1 1000
557 R 1 1000
558 R 1 1000
559 R 1 1000
560 R 1 1000
561 R 1 1000
562 R 1 1000
563 R 1 1000
564 R 1 1000
565 R 1 1000
566 R 1 1000
567 R 1 1000
568 R 1 1000
569 R 1 1000
570 R 1 1000
571 R 1 1000
572 R 1 1000
573 R 1 1000
574 R 1 1000
575 R 1 1000
576 R 1 1000
577 R 1 1000
578 R 1 1000
579 R 1 1000
580 R 1 1000
581 R 1 1000
582 R 1 1000
583 R 1 1000
584 R 1 1000
585 R 1 1000
586 R 1 1000
587 R 1 1000
588 R 1 1000
589 R 1 1000
590 R 1 1000
591 R 1 1000
592 R 1 1000
593 R 1 1000
594 R 1 1000
595 R 1 1000
596 R 1 1000
597 R 1 1000
598 R 1 1000
599 R 1 1000
600 R 1 1000
601 R 1 1000
602 R 1 1000
603 R 1 1000
604 R 1 1000
605 R 1 1000
606 R 1 1000
607 R 1 1000
608 R 1 1000
609 R 1 1000
610 R 1 1000
611 R 1 1000
612 R 1 1000
613 R 1 1000
614 R 1 1000
615 R 1 1000
616 R 1 1000
617 R 1 1000
618 R 1 1000
619 R 1 1000
620 R 1 1000
621 R 1 1000
622 R 1 1000
623 R 1 1000
624 R 1 1000
625 R 1 1000
626 R 1 1000
627 R 1 1000
628 R 1 1000
629 R 1 1000
630 R 1 1000
631 R 1 1000
632 R 1 1000
633 R 1 1000
634 R 1 1000
635 R 1 1000
636 R 1 1000
637 R 1 1000
638 R 1 1000
639 R 1 1000
640 R 1 1000
641 R 1 1000
642 R 1 1000
643 R 1 1000
644 R 1 1000
645 R 1 1000
646 R 1 1000
647 R 1 1000
648 R 1 1000
649 R 1 1000
650 R 1 1000
651 R 1 1000
652 R 1 1000
653 R 1 1000
654 R 1 1000
655 R 1 1000
656 R 1 1000
657 R 1 1000
658 R 1 1000
659 R 1 1000
660 R 1 1000
661 R 1 1000
662 R 1 1000
663 R 1 1000
664 R 1 1000
665 R 1 1000
666 R 1 1000
667 R 1 1000
668 R 1 1000
669 R 1 1000
670 R 1 1000
671 R 1 1000
672 R 1 1000
673 R 1 1000
674 R 1 1000
675 R 1 1000
676 R 1 1000
677 R 1 1000
678 R 1 1000
679 R 1 1000
680 R 1 1000
681 R 1 1000
682 R 1 1000
683 R 1 1000
684 R 1 1000
685 R 1 1000
686 R 1 1000
687 R 1 1000
688 R 1 1000
689 R 1 1000
690 R 1 1000
691 R 1 1000
692 R 1 1000
693 R 1 1000
694 R 1 1000
695 R 1 1000
696 R 1 1000
697 R 1 1000
698 R 1 1000
699 R 1 1000
700 R 1 1000
701 R 1 1000
702 R 1 1000
703 R 1 1000
704 R 1 1000
705 R 1 1000
706 R 1 1000
707 R 1 1000
708 R 1 1000
709 R 1 1000
710 R 1 1000
711 R 1 1000
712 R 1 1000
713 R 1 1000
714 R 1 1000
715 R 1 1000
716 R 1 1000
717 R 1 1000
718 R 1 1000
719 R 1 1000
720 R 1 1000
721 R 1 1000
722 R 1 1000
723 R 1 1000
724 R 1 1000
725 R 1 1000
726 R 1 1000
727 R 1 1000
728 R 1 1000
729 R 1 1000
730 R 1 1000
731 R 1 1000
732 R 1 1000
733 R 1 1000
734 R 1 1000
735 R 1 1000
736 R 1 1000
737 R 1 1000
738 R 1 1000
739 R 1 1000
740 R 1 1000
741 R 1 1000
742 R 1 1000
743 R 1 1000
744 R 1 1000
745 R 1 1000
746 R 1 1000
747 R 1 1000
748 R 1 1000
749 R 1 1000
750 R 1 1000
751 R 1 1000
752 R 1 1000
753 R 1 1000
754 R 1 1000
755 R 1 1000
756 R 1 1000
757 R 1 1000
758 R 1 1000
759 R 1 1000
760 R 1 1000
761 R 1 1000
762 R 1 1000
763 R 1 1000
764 R 1 1000
765 R 1 1000
766 R 1 1000
767 R 1 1000
768 R 1 1000
769 R 1 1000
770 R 1 1000
771 R 1 1000
772 R 1 1000
773 R 1 1000
774 R 1 1000
775 R 1 1000
776 R 1 1000
777 R 1 1000
778 R 1 1000
779 R 1 1000
780 R 1 1000
781 R 1 1000
782 R 1 1000
783 R 1 1000
784 R 1 1000
785 R 1 1000
786 R 1 1000
787 R 1 1000
788 R 1 1000
789 R 1 1000
790 R 1 1000
791 R 1 1000
792 R 1 1000
793 R 1 1000
794 R 1 1000
795 R 1 1000
796 R 1 1000
797 R 1 1000
798 R 1 1000
799 R 1 1000
800 R 1 1000
801 R 1 1000
802 R 1 1000
803 R 1 1000
804 R 1 1000
805 R 1 1000
806 R 1 1000
807 R 1 1000
808 R 1 1000
809 R 1 1000
810 R 1 1000
811 R 1 1000
812 R 1 1000
813 R 1 1000
814 R 1 1000
815 R 1 1000
816 R 1 1000
817 R 1 1000
818 R 1 1000
819 R 1 1000
820 R 1 1000
821 R 1 1000
822 R 1 1000
823 R 1 1000
824 R 1 1000
825 R 1 1000
826 R 1 1000
827 R 1 1000
828 R 1 1000
829 R 1 1000
830 R 1 1000
831 R 1 1000
832 R 1 1000
833 R 1 1000
834 R 1 1000
835 R 1 1000
836 R 1 1000
837 R 1 1000
838 R 1 1000
839 R 1 1000
840 R 1 1000
841 R 1 1000
842 R 1 1000
843 R 1 1000
844 R 1 1000
845 R 1 1000
846 R 1 1000
847 R 1 1000
848 R 1 1000
849 R 1 1000
850 R 1 1000
851 R 1 1000
852 R 1 1000
853 R 1 1000
854 R 1 1000
855 R 1 1000
856 R 1 1000
857 R 1 1000
858 R 1 1000
859 R 1 1000
860 R 1 1000
861 R 1 1000
862 R 1 1000
863 R 1 1000
864 R 1 1000
865 R 1 1000
866 R 1 1000
867 R 1 1000
868 R 1 1000
869 R 1 1000
870 R 1 1000
871 R 1 1000
872 R 1 1000
873 R 1 1000
874 R 1 1000
875 R 1 1000
876 R 1 1000
877 R 1 1000
878 R 1 1000
879 R 1 1000
880 R 1 1000
881 R 1 1000
882 R 1 1000
883 R 1 1000
884 R 1 1000
885 R 1 1000
886 R 1 1000
887 R 1 1000
888 R 1 1000
889 R 1 1000
890 R 1 1000
891 R 1 1000
892 R 1 1000
893 R 1 1000
894 R 1 1000
895 R 1 1000
896 R 1 1000
897 R 1 1000
898 R 1 1000
899 R 1 1000
900 R 1 1000
901 R 1 1000
902 R 1 1000
903 R 1 1000
904 R 1 1000
905 R 1 1000
906 R 1 1000
907 R 1 1000
908 R 1 1000
909 R 1 1000
910 R 1 1000
911 R 1 1000
912 R 1 1000
913 R 1 1000
914 R 1 1000
915 R 1 1000
916 R 1 1000
917 R 1 1000
918 R 1 1000
919 R 1 1000
920 R 1 1000
921 R 1 1000
922 R 1 1000
923 R 1 1000
924 R 1 1000
925 R 1 1000
926 R 1 1000
927 R 1 1000
928 R 1 1000
929 R 1 1000
930 R 1 1000
931 R 1 1000
932 R 1 1000
933 R 1 1000
934 R 1 1000
935 R 1 1000
936 R 1 1000
937 R 1 1000
938 R 1 1000
939 R 1 1000
940 R 1 1000
941 R 1 1000
942 R 1 1000
943 R 1 1000
944 R 1 1000
945 R 1 1000
946 R 1 1000
947 R 1 1000
948 R 1 1000
949 R 1 1000
950 R 1 1000
951 R 1 1000
952 R 1 1000
953 R 1 1000
954 R 1 1000
955 R 1 1000
956 R 1 1000
957 R 1 1000
958 R 1 1000
959 R 1 1000
960 R 1 1000
961 R 1 1000
962 R 1 1000
963 R 1 1000
964 R 1 1000
965 R 1 1000
966 R 1 1000
967 R 1 1000
968 R 1 1000
969 R 1 1000
970 R 1 1000
971 R 1 1000
972 R 1 1000
973 R 1 1000
974 R 1 1000
975 R 1 1000
976 R 1 1000
977 R 1 1000
978 R 1 1000
979 R 1 1000
980 R 1 1000
981 R 1 1000
982 R 1 1000
983 R 1 1000
984 R 1 1000
985 R 1 1000
986 R 1 1000
987 R 1 1000
988 R 1 1000
989 R 1 1000
990 R 1 1000
991 R 1 1000
992 R 1 1000
993 R 1 1000
994 R 1 1000
995 R 1 1000
996 R 1 1000
997 R 1 1000
998 R 1 1000
999 R 1 1000
1000 R 1 1000
