2000
1 4
2 6
3 6
4 6
5 2
6 6
7 1
8 7
9 6
10 3
11 6
12 1
13 6
14 6
15 7
16 8
17 5
18 3
19 6
20 8
21 7
22 8
23 6
24 5
25 7
26 5
27 6
28 5
29 5
30 2
31 5
32 2
33 8
34 2
35 3
36 5
37 3
38 3
39 5
40 3
41 8
42 7
43 4
44 8
45 5
46 2
47 6
48 1
49 5
50 4
51 8
52 4
53 8
54 6
55 5
56 2
57 3
58 8
59 7
60 4
61 2
62 5
63 7
64 4
65 1
66 3
67 5
68 8
69 7
70 7
71 2
72 7
73 6
74 3
75 4
76 7
77 1
78 8
79 2
80 7
81 2
82 3
83 8
84 7
85 5
86 1
87 2
88 7
89 4
90 1
91 1
92 4
93 3
94 3
95 1
96 8
97 8
98 7
99 2
100 3
101 4
102 3
103 1
104 3
105 5
106 6
107 1
108 3
109 1
110 8
111 1
112 8
113 7
114 4
115 4
116 5
117 8
118 4
119 2
120 5
121 5
122 6
123 7
124 5
125 8
126 3
127 3
128 6
129 2
130 8
131 5
132 7
133 8
134 3
135 3
136 1
137 2
138 1
139 7
140 1
141 7
142 2
143 3
144 3
145 2
146 8
147 7
148 4
149 1
150 8
151 6
152 7
153 2
154 7
155 1
156 2
157 4
158 6
159 1
160 3
161 7
162 2
163 6
164 1
165 5
166 6
167 1
168 1
169 6
170 7
171 4
172 5
173 8
174 3
175 3
176 4
177 5
178 1
179 5
180 2
181 4
182 3
183 2
184 7
185 8
186 7
187 7
188 2
189 7
190 7
191 5
192 7
193 1
194 3
195 5
196 4
197 8
198 3
199 2
200 3
201 7
202 8
203 2
204 4
205 1
206 6
207 5
208 7
209 4
210 4
211 7
212 3
213 7
214 5
215 3
216 1
217 6
218 6
219 5
220 6
221 4
222 4
223 8
224 5
225 8
226 1
227 2
228 1
229 7
230 8
231 3
232 4
233 8
234 1
235 8
236 2
237 6
238 2
239 4
240 3
241 4
242 1
243 8
244 7
245 3
246 3
247 5
248 5
249 6
250 1
251 4
252 7
253 7
254 5
255 3
256 6
257 1
258 4
259 6
260 5
261 2
262 6
263 5
264 8
265 6
266 1
267 6
268 8
269 5
270 4
271 8
272 1
273 2
274 6
275 5
276 2
277 2
278 3
279 1
280 6
281 3
282 6
283 6
284 8
285 7
286 4
287 3
288 1
289 3
290 5
291 1
292 8
293 3
294 4
295 1
296 8
297 6
298 3
299 4
300 3
301 7
302 8
303 7
304 4
305 3
306 6
307 5
308 6
309 3
310 2
311 7
312 2
313 6
314 3
315 1
316 7
317 4
318 8
319 4
320 5
321 8
322 1
323 4
324 7
325 6
326 1
327 8
328 2
329 7
330 7
331 6
332 8
333 8
334 2
335 4
336 6
337 2
338 4
339 8
340 2
341 7
342 8
343 1
344 6
345 4
346 8
347 7
348 1
349 7
350 8
351 5
352 4
353 4
354 2
355 3
356 2
357 7
358 8
359 8
360 6
361 8
362 8
363 4
364 2
365 5
366 2
367 7
368 2
369 2
370 7
371 6
372 3
373 2
374 5
375 8
376 1
377 5
378 6
379 4
380 5
381 8
382 4
383 2
384 7
385 7
386 3
387 5
388 3
389 4
390 4
391 6
392 5
393 3
394 5
395 1
396 6
397 8
398 2
399 1
400 2
401 5
402 2
403 6
404 7
405 5
406 6
407 5
408 1
409 4
410 8
411 3
412 4
413 3
414 8
415 3
416 7
417 8
418 8
419 1
420 3
421 7
422 4
423 7
424 3
425 4
426 3
427 7
428 4
429 5
430 8
431 8
432 4
433 5
434 6
435 4
436 4
437 5
438 8
439 3
440 4
441 7
442 6
443 7
444 3
445 6
446 3
447 8
448 1
449 5
450 6
451 6
452 7
453 3
454 2
455 4
456 6
457 1
458 2
459 3
460 6
461 3
462 2
463 4
464 1
465 1
466 8
467 3
468 8
469 5
470 1
471 8
472 3
473 2
474 2
475 8
476 8
477 7
478 4
479 2
480 5
481 1
482 2
483 3
484 2
485 5
486 6
487 4
488 8
489 1
490 4
491 5
492 8
493 3
494 3
495 1
496 8
497 5
498 3
499 5
500 8
501 5
502 5
503 7
504 5
505 2
506 8
507 8
508 1
509 7
510 6
511 2
512 1
513 4
514 1
515 6
516 2
517 4
518 7
519 6
520 1
521 7
522 4
523 3
524 1
525 7
526 8
527 4
528 5
529 5
530 1
531 6
532 4
533 1
534 2
535 5
536 8
537 6
538 4
539 2
540 6
541 6
542 5
543 3
544 6
545 4
546 2
547 8
548 5
549 2
550 8
551 4
552 1
553 1
554 3
555 6
556 6
557 2
558 6
559 6
560 7
561 7
562 4
563 8
564 7
565 1
566 8
567 4
568 7
569 6
570 4
571 2
572 6
573 6
574 5
575 5
576 2
577 7
578 8
579 1
580 3
581 8
582 2
583 6
584 1
585 5
586 5
587 7
588 8
589 6
590 1
591 4
592 7
593 5
594 1
595 2
596 4
597 7
598 2
599 7
600 3
601 3
602 5
603 2
604 4
605 1
606 1
607 4
608 1
609 1
610 5
611 7
612 8
613 4
614 1
615 8
616 1
617 2
618 4
619 7
620 5
621 1
622 3
623 8
624 6
625 8
626 8
627 6
628 3
629 3
630 1
631 2
632 5
633 8
634 8
635 2
636 4
637 1
638 8
639 5
640 2
641 5
642 1
643 3
644 2
645 3
646 3
647 5
648 5
649 3
650 1
651 3
652 6
653 6
654 3
655 8
656 6
657 3
658 5
659 8
660 8
661 8
662 5
663 7
664 7
665 2
666 3
667 7
668 5
669 2
670 3
671 6
672 2
673 3
674 6
675 1
676 5
677 6
678 3
679 3
680 1
681 4
682 2
683 8
684 8
685 7
686 6
687 5
688 2
689 4
690 2
691 7
692 8
693 6
694 7
695 8
696 3
697 4
698 2
699 3
700 6
701 5
702 8
703 2
704 8
705 7
706 8
707 4
708 5
709 1
710 3
711 5
712 4
713 6
714 2
715 4
716 8
717 2
718 7
719 3
720 8
721 4
722 3
723 7
724 7
725 4
726 3
727 4
728 5
729 8
730 1
731 3
732 7
733 4
734 5
735 2
736 3
737 4
738 5
739 3
740 7
741 6
742 6
743 3
744 3
745 7
746 7
747 1
748 7
749 7
750 7
751 7
752 6
753 3
754 3
755 4
756 4
757 6
758 2
759 3
760 3
761 2
762 3
763 1
764 7
765 8
766 5
767 8
768 5
769 8
770 8
771 5
772 6
773 7
774 2
775 6
776 6
777 2
778 2
779 1
780 3
781 6
782 7
783 1
784 6
785 6
786 1
787 8
788 3
789 5
790 3
791 7
792 1
793 6
794 5
795 8
796 7
797 1
798 3
799 1
800 7
801 8
802 4
803 3
804 6
805 7
806 2
807 1
808 4
809 8
810 3
811 7
812 7
813 4
814 6
815 1
816 8
817 2
818 2
819 2
820 6
821 5
822 1
823 4
824 4
825 6
826 5
827 5
828 4
829 6
830 6
831 8
832 6
833 5
834 6
835 7
836 4
837 3
838 1
839 1
840 2
841 3
842 6
843 6
844 3
845 6
846 1
847 3
848 3
849 3
850 2
851 3
852 2
853 5
854 5
855 8
856 7
857 8
858 8
859 1
860 7
861 7
862 5
863 7
864 4
865 2
866 4
867 7
868 3
869 6
870 6
871 4
872 6
873 4
874 7
875 4
876 5
877 3
878 2
879 2
880 5
881 8
882 2
883 5
884 3
885 1
886 3
887 1
888 6
889 2
890 7
891 5
892 7
893 8
894 6
895 8
896 2
897 3
898 5
899 6
900 4
901 2
902 2
903 6
904 6
905 3
906 2
907 5
908 3
909 5
910 2
911 2
912 2
913 7
914 3
915 3
916 8
917 4
918 5
919 1
920 1
921 1
922 8
923 6
924 5
925 6
926 6
927 5
928 8
929 3
930 1
931 6
932 4
933 6
934 7
935 5
936 6
937 3
938 4
939 5
940 3
941 1
942 8
943 8
944 3
945 6
946 5
947 2
948 5
949 1
950 2
951 5
952 4
953 8
954 1
955 4
956 2
957 7
958 1
959 3
960 1
961 1
962 6
963 4
964 5
965 1
966 1
967 2
968 8
969 5
970 6
971 3
972 2
973 8
974 7
975 5
976 5
977 6
978 7
979 4
980 2
981 6
982 7
983 3
984 6
985 4
986 8
987 5
988 4
989 3
990 4
991 4
992 7
993 2
994 3
995 5
996 5
997 7
998 4
999 1
1000 2
1001 5
1002 8
1003 5
1004 2
1005 5
1006 7
1007 5
1008 3
1009 5
1010 3
1011 1
1012 8
1013 7
1014 1
1015 7
1016 2
1017 7
1018 5
1019 6
1020 8
1021 5
1022 3
1023 1
1024 3
1025 7
1026 2
1027 3
1028 8
1029 2
1030 6
1031 1
1032 7
1033 6
1034 7
1035 1
1036 8
1037 5
1038 1
1039 3
1040 5
1041 5
1042 7
1043 3
1044 1
1045 8
1046 8
1047 3
1048 6
1049 7
1050 5
1051 7
1052 8
1053 7
1054 7
1055 5
1056 6
1057 2
1058 7
1059 2
1060 8
1061 8
1062 5
1063 8
1064 3
1065 7
1066 4
1067 8
1068 1
1069 1
1070 7
1071 8
1072 2
1073 8
1074 7
1075 3
1076 6
1077 8
1078 5
1079 1
1080 6
1081 3
1082 6
1083 2
1084 5
1085 5
1086 1
1087 2
1088 6
1089 1
1090 2
1091 2
1092 7
1093 5
1094 7
1095 4
1096 2
1097 5
1098 5
1099 6
1100 2
1101 3
1102 7
1103 3
1104 6
1105 6
1106 7
1107 5
1108 2
1109 2
1110 4
1111 7
1112 6
1113 8
1114 7
1115 2
1116 1
1117 4
1118 8
1119 1
1120 6
1121 2
1122 2
1123 4
1124 8
1125 3
1126 8
1127 6
1128 5
1129 1
1130 8
1131 8
1132 3
1133 4
1134 2
1135 5
1136 8
1137 1
1138 4
1139 7
1140 5
1141 3
1142 2
1143 7
1144 6
1145 7
1146 2
1147 5
1148 5
1149 7
1150 7
1151 8
1152 5
1153 1
1154 7
1155 4
1156 4
1157 2
1158 2
1159 5
1160 5
1161 7
1162 2
1163 2
1164 6
1165 8
1166 1
1167 7
1168 5
1169 1
1170 5
1171 1
1172 3
1173 5
1174 7
1175 7
1176 5
1177 1
1178 8
1179 2
1180 8
1181 2
1182 1
1183 7
1184 2
1185 4
1186 6
1187 6
1188 6
1189 7
1190 4
1191 2
1192 5
1193 1
1194 2
1195 2
1196 1
1197 1
1198 4
1199 7
1200 2
1201 6
1202 1
1203 4
1204 1
1205 6
1206 7
1207 2
1208 4
1209 5
1210 7
1211 1
1212 8
1213 2
1214 7
1215 6
1216 2
1217 3
1218 8
1219 1
1220 6
1221 3
1222 2
1223 1
1224 8
1225 1
1226 8
1227 7
1228 6
1229 7
1230 1
1231 5
1232 6
1233 3
1234 7
1235 4
1236 4
1237 8
1238 3
1239 6
1240 4
1241 1
1242 3
1243 6
1244 7
1245 6
1246 8
1247 5
1248 2
1249 7
1250 1
1251 6
1252 5
1253 5
1254 7
1255 5
1256 3
1257 4
1258 4
1259 7
1260 8
1261 3
1262 4
1263 6
1264 2
1265 2
1266 2
1267 7
1268 2
1269 8
1270 2
1271 1
1272 5
1273 8
1274 4
1275 2
1276 8
1277 3
1278 8
1279 3
1280 1
1281 1
1282 7
1283 4
1284 1
1285 6
1286 3
1287 6
1288 3
1289 5
1290 2
1291 8
1292 1
1293 8
1294 4
1295 2
1296 2
1297 1
1298 4
1299 5
1300 7
1301 4
1302 3
1303 2
1304 7
1305 1
1306 5
1307 3
1308 5
1309 7
1310 5
1311 1
1312 6
1313 6
1314 6
1315 3
1316 4
1317 5
1318 5
1319 6
1320 6
1321 2
1322 4
1323 4
1324 5
1325 6
1326 5
1327 4
1328 3
1329 7
1330 8
1331 2
1332 2
1333 5
1334 8
1335 5
1336 5
1337 5
1338 2
1339 3
1340 8
1341 8
1342 5
1343 3
1344 3
1345 8
1346 4
1347 6
1348 7
1349 2
1350 6
1351 4
1352 7
1353 7
1354 2
1355 3
1356 6
1357 1
1358 1
1359 3
1360 4
1361 4
1362 8
1363 4
1364 1
1365 5
1366 2
1367 6
1368 2
1369 4
1370 2
1371 2
1372 6
1373 5
1374 5
1375 3
1376 1
1377 5
1378 7
1379 7
1380 6
1381 1
1382 4
1383 8
1384 4
1385 2
1386 4
1387 6
1388 5
1389 2
1390 5
1391 6
1392 5
1393 2
1394 2
1395 6
1396 5
1397 5
1398 2
1399 3
1400 8
1401 5
1402 4
1403 6
1404 4
1405 3
1406 4
1407 6
1408 1
1409 4
1410 2
1411 8
1412 2
1413 4
1414 4
1415 2
1416 5
1417 2
1418 7
1419 8
1420 6
1421 8
1422 6
1423 5
1424 4
1425 5
1426 3
1427 8
1428 8
1429 4
1430 6
1431 4
1432 2
1433 4
1434 4
1435 6
1436 8
1437 1
1438 8
1439 7
1440 5
1441 6
1442 4
1443 8
1444 8
1445 4
1446 3
1447 8
1448 8
1449 4
1450 6
1451 2
1452 4
1453 1
1454 2
1455 7
1456 4
1457 8
1458 6
1459 5
1460 2
1461 4
1462 6
1463 4
1464 1
1465 1
1466 6
1467 6
1468 1
1469 4
1470 4
1471 4
1472 3
1473 5
1474 3
1475 8
1476 3
1477 8
1478 3
1479 6
1480 3
1481 6
1482 2
1483 5
1484 2
1485 5
1486 4
1487 5
1488 7
1489 8
1490 4
1491 2
1492 5
1493 8
1494 6
1495 8
1496 3
1497 3
1498 2
1499 3
1500 5
1501 2
1502 5
1503 3
1504 5
1505 6
1506 6
1507 7
1508 8
1509 5
1510 1
1511 4
1512 3
1513 5
1514 8
1515 3
1516 3
1517 1
1518 1
1519 1
1520 8
1521 5
1522 8
1523 1
1524 7
1525 3
1526 7
1527 1
1528 2
1529 8
1530 2
1531 5
1532 2
1533 6
1534 8
1535 7
1536 3
1537 4
1538 1
1539 5
1540 2
1541 1
1542 7
1543 8
1544 2
1545 7
1546 8
1547 8
1548 8
1549 3
1550 4
1551 5
1552 4
1553 7
1554 1
1555 7
1556 6
1557 3
1558 7
1559 1
1560 7
1561 8
1562 4
1563 8
1564 1
1565 5
1566 1
1567 7
1568 7
1569 8
1570 1
1571 5
1572 4
1573 5
1574 3
1575 1
1576 8
1577 3
1578 3
1579 5
1580 5
1581 3
1582 7
1583 2
1584 7
1585 8
1586 5
1587 6
1588 8
1589 2
1590 1
1591 5
1592 8
1593 3
1594 7
1595 4
1596 4
1597 2
1598 7
1599 2
1600 6
1601 2
1602 8
1603 8
1604 2
1605 1
1606 7
1607 2
1608 3
1609 8
1610 4
1611 8
1612 7
1613 8
1614 8
1615 3
1616 3
1617 5
1618 6
1619 7
1620 2
1621 4
1622 1
1623 3
1624 5
1625 7
1626 5
1627 8
1628 2
1629 6
1630 8
1631 8
1632 2
1633 7
1634 8
1635 4
1636 6
1637 7
1638 2
1639 1
1640 8
1641 2
1642 8
1643 3
1644 7
1645 6
1646 3
1647 6
1648 2
1649 7
1650 6
1651 5
1652 7
1653 7
1654 5
1655 6
1656 7
1657 7
1658 5
1659 5
1660 2
1661 5
1662 8
1663 8
1664 7
1665 8
1666 3
1667 5
1668 1
1669 8
1670 5
1671 2
1672 1
1673 8
1674 3
1675 5
1676 8
1677 8
1678 4
1679 4
1680 3
1681 1
1682 3
1683 7
1684 7
1685 3
1686 3
1687 8
1688 7
1689 3
1690 6
1691 2
1692 4
1693 8
1694 1
1695 2
1696 7
1697 4
1698 7
1699 8
1700 7
1701 6
1702 6
1703 2
1704 8
1705 3
1706 6
1707 5
1708 2
1709 1
1710 8
1711 3
1712 5
1713 8
1714 3
1715 6
1716 3
1717 8
1718 6
1719 4
1720 2
1721 1
1722 6
1723 1
1724 4
1725 7
1726 2
1727 6
1728 4
1729 1
1730 8
1731 3
1732 8
1733 7
1734 1
1735 7
1736 6
1737 1
1738 5
1739 4
1740 3
1741 4
1742 7
1743 8
1744 2
1745 6
1746 4
1747 3
1748 7
1749 2
1750 7
1751 6
1752 4
1753 4
1754 2
1755 5
1756 3
1757 6
1758 1
1759 8
1760 2
1761 7
1762 8
1763 7
1764 7
1765 3
1766 3
1767 2
1768 1
1769 7
1770 6
1771 4
1772 4
1773 3
1774 4
1775 6
1776 1
1777 8
1778 4
1779 7
1780 7
1781 1
1782 7
1783 8
1784 4
1785 1
1786 5
1787 1
1788 1
1789 6
1790 2
1791 3
1792 6
1793 7
1794 6
1795 1
1796 5
1797 7
1798 5
1799 7
1800 4
1801 5
1802 1
1803 5
1804 2
1805 8
1806 7
1807 1
1808 5
1809 8
1810 6
1811 6
1812 2
1813 2
1814 7
1815 3
1816 6
1817 1
1818 4
1819 2
1820 6
1821 2
1822 5
1823 3
1824 4
1825 3
1826 2
1827 5
1828 1
1829 8
1830 4
1831 5
1832 3
1833 1
1834 6
1835 3
1836 4
1837 7
1838 6
1839 7
1840 6
1841 7
1842 6
1843 4
1844 2
1845 8
1846 3
1847 4
1848 5
1849 2
1850 2
1851 5
1852 5
1853 3
1854 1
1855 3
1856 3
1857 3
1858 1
1859 4
1860 1
1861 5
1862 6
1863 8
1864 3
1865 4
1866 5
1867 4
1868 7
1869 3
1870 8
1871 5
1872 4
1873 6
1874 5
1875 3
1876 5
1877 1
1878 4
1879 2
1880 1
1881 2
1882 7
1883 3
1884 2
1885 4
1886 6
1887 3
1888 1
1889 4
1890 2
1891 5
1892 5
1893 4
1894 5
1895 1
1896 7
1897 1
1898 7
1899 5
1900 7
1901 4
1902 5
1903 6
1904 1
1905 8
1906 3
1907 2
1908 2
1909 3
1910 5
1911 8
1912 8
1913 5
1914 4
1915 1
1916 4
1917 4
1918 3
1919 2
1920 8
1921 7
1922 7
1923 4
1924 6
1925 2
1926 3
1927 8
1928 6
1929 2
1930 1
1931 5
1932 1
1933 6
1934 1
1935 5
1936 8
1937 1
1938 2
1939 7
1940 6
1941 3
1942 7
1943 8
1944 8
1945 4
1946 3
1947 1
1948 2
1949 6
1950 1
1951 4
1952 5
1953 2
1954 2
1955 4
1956 6
1957 7
1958 3
1959 5
1960 6
1961 3
1962 6
1963 7
1964 6
1965 2
1966 8
1967 5
1968 8
1969 4
1970 8
1971 2
1972 7
1973 3
1974 3
1975 3
1976 8
1977 5
1978 6
1979 2
1980 7
1981 3
1982 4
1983 2
1984 6
1985 2
1986 1
1987 8
1988 7
1989 6
1990 3
1991 6
1992 2
1993 4
1994 5
1995 8
1996 4
1997 3
1998 4
1999 5
2000 7
