2000
1 4
2 9
3 8
4 1
5 8
6 8
7 7
8 4
9 3
10 4
11 4
12 6
13 9
14 3
15 3
16 9
17 9
18 6
19 8
20 8
21 9
22 6
23 8
24 9
25 5
26 1
27 9
28 8
29 9
30 1
31 7
32 2
33 4
34 9
35 3
36 5
37 5
38 4
39 7
40 8
41 9
42 4
43 8
44 5
45 5
46 3
47 7
48 2
49 2
50 8
51 5
52 3
53 6
54 2
55 6
56 7
57 1
58 7
59 9
60 6
61 2
62 7
63 6
64 7
65 5
66 4
67 4
68 2
69 4
70 6
71 9
72 6
73 5
74 8
75 7
76 3
77 8
78 8
79 5
80 3
81 3
82 4
83 2
84 4
85 6
86 1
87 9
88 5
89 1
90 1
91 3
92 7
93 4
94 1
95 3
96 9
97 2
98 2
99 3
100 7
101 9
102 5
103 9
104 4
105 9
106 9
107 2
108 6
109 3
110 3
111 2
112 8
113 7
114 7
115 1
116 3
117 7
118 9
119 8
120 7
121 7
122 3
123 2
124 8
125 6
126 5
127 9
128 3
129 4
130 8
131 7
132 3
133 6
134 1
135 8
136 4
137 7
138 4
139 7
140 9
141 8
142 1
143 2
144 4
145 4
146 4
147 9
148 7
149 6
150 9
151 3
152 3
153 3
154 1
155 2
156 7
157 7
158 3
159 9
160 7
161 6
162 5
163 9
164 7
165 9
166 8
167 7
168 1
169 1
170 5
171 4
172 2
173 1
174 8
175 6
176 2
177 1
178 6
179 8
180 4
181 3
182 2
183 4
184 3
185 6
186 4
187 3
188 5
189 3
190 7
191 5
192 5
193 5
194 7
195 5
196 4
197 6
198 4
199 4
200 8
201 6
202 3
203 1
204 5
205 1
206 2
207 3
208 8
209 1
210 6
211 5
212 4
213 5
214 1
215 7
216 9
217 2
218 2
219 6
220 8
221 1
222 7
223 4
224 4
225 4
226 7
227 8
228 6
229 6
230 4
231 8
232 8
233 7
234 8
235 6
236 3
237 2
238 3
239 8
240 4
241 6
242 7
243 2
244 5
245 1
246 5
247 6
248 3
249 4
250 9
251 3
252 6
253 9
254 2
255 8
256 9
257 5
258 9
259 4
260 6
261 1
262 9
263 7
264 6
265 5
266 1
267 9
268 4
269 9
270 5
271 9
272 5
273 7
274 3
275 5
276 1
277 5
278 9
279 6
280 7
281 1
282 3
283 2
284 1
285 1
286 7
287 8
288 7
289 6
290 2
291 8
292 6
293 4
294 9
295 2
296 4
297 5
298 6
299 7
300 2
301 3
302 2
303 3
304 5
305 6
306 2
307 5
308 3
309 9
310 2
311 4
312 6
313 8
314 1
315 9
316 5
317 3
318 1
319 2
320 9
321 8
322 3
323 1
324 1
325 3
326 4
327 2
328 4
329 1
330 9
331 7
332 3
333 8
334 9
335 4
336 1
337 2
338 9
339 2
340 9
341 2
342 2
343 3
344 8
345 2
346 8
347 9
348 2
349 1
350 8
351 7
352 9
353 1
354 5
355 9
356 3
357 9
358 6
359 3
360 5
361 5
362 4
363 7
364 3
365 7
366 9
367 1
368 7
369 7
370 5
371 5
372 6
373 1
374 4
375 1
376 6
377 7
378 5
379 3
380 5
381 8
382 8
383 1
384 1
385 1
386 2
387 7
388 4
389 8
390 4
391 1
392 6
393 3
394 6
395 9
396 6
397 5
398 5
399 8
400 7
401 8
402 3
403 3
404 4
405 9
406 9
407 7
408 8
409 2
410 3
411 4
412 2
413 6
414 4
415 5
416 3
417 6
418 2
419 1
420 1
421 1
422 8
423 6
424 3
425 2
426 6
427 7
428 1
429 7
430 8
431 4
432 1
433 3
434 9
435 9
436 1
437 7
438 6
439 7
440 8
441 5
442 7
443 5
444 4
445 3
446 7
447 5
448 5
449 2
450 8
451 1
452 6
453 3
454 6
455 3
456 3
457 4
458 6
459 2
460 3
461 1
462 4
463 4
464 1
465 3
466 4
467 5
468 7
469 6
470 3
471 6
472 1
473 8
474 9
475 4
476 7
477 4
478 6
479 6
480 4
481 6
482 1
483 1
484 2
485 1
486 5
487 2
488 3
489 8
490 9
491 9
492 2
493 1
494 7
495 8
496 7
497 7
498 3
499 8
500 3
501 7
502 1
503 6
504 7
505 3
506 7
507 4
508 9
509 5
510 9
511 8
512 9
513 7
514 6
515 7
516 7
517 7
518 2
519 6
520 2
521 6
522 5
523 1
524 6
525 6
526 4
527 9
528 4
529 8
530 1
531 5
532 6
533 3
534 2
535 1
536 9
537 2
538 4
539 7
540 8
541 3
542 5
543 6
544 8
545 6
546 7
547 4
548 2
549 8
550 5
551 8
552 4
553 6
554 2
555 8
556 4
557 9
558 8
559 5
560 2
561 8
562 5
563 2
564 1
565 4
566 5
567 8
568 2
569 7
570 3
571 5
572 2
573 5
574 7
575 7
576 5
577 9
578 4
579 3
580 7
581 8
582 2
583 9
584 4
585 7
586 4
587 3
588 7
589 5
590 3
591 4
592 6
593 7
594 10
595 3
596 3
597 1
598 9
599 8
600 8
601 9
602 1
603 7
604 6
605 8
606 2
607 8
608 8
609 2
610 1
611 7
612 2
613 2
614 1
615 6
616 3
617 1
618 6
619 7
620 7
621 5
622 4
623 7
624 9
625 3
626 4
627 3
628 8
629 7
630 6
631 8
632 1
633 7
634 3
635 8
636 7
637 8
638 1
639 3
640 9
641 9
642 5
643 4
644 6
645 9
646 1
647 7
648 3
649 6
650 6
651 3
652 2
653 2
654 8
655 9
656 5
657 9
658 1
659 9
660 1
661 8
662 7
663 5
664 7
665 1
666 8
667 4
668 9
669 5
670 5
671 6
672 7
673 7
674 8
675 8
676 3
677 6
678 5
679 4
680 8
681 2
682 8
683 5
684 1
685 2
686 2
687 7
688 3
689 2
690 2
691 8
692 1
693 4
694 5
695 6
696 5
697 1
698 1
699 7
700 2
701 6
702 7
703 3
704 1
705 5
706 4
707 5
708 1
709 3
710 3
711 3
712 6
713 4
714 3
715 6
716 4
717 6
718 8
719 3
720 9
721 8
722 8
723 5
724 4
725 7
726 7
727 6
728 7
729 4
730 5
731 8
732 3
733 1
734 3
735 6
736 9
737 4
738 8
739 2
740 2
741 6
742 8
743 8
744 1
745 1
746 5
747 7
748 4
749 7
750 4
751 9
752 7
753 3
754 7
755 1
756 6
757 3
758 2
759 9
760 5
761 9
762 9
763 9
764 5
765 2
766 6
767 3
768 9
769 1
770 8
771 9
772 2
773 6
774 9
775 1
776 4
777 2
778 3
779 2
780 6
781 4
782 7
783 8
784 2
785 1
786 3
787 9
788 2
789 3
790 6
791 2
792 6
793 4
794 7
795 8
796 3
797 4
798 2
799 6
800 8
801 7
802 4
803 9
804 2
805 6
806 2
807 2
808 4
809 2
810 8
811 6
812 3
813 3
814 9
815 4
816 9
817 6
818 6
819 2
820 3
821 9
822 8
823 1
824 9
825 8
826 4
827 3
828 4
829 8
830 5
831 9
832 8
833 1
834 9
835 1
836 2
837 1
838 4
839 7
840 5
841 4
842 4
843 2
844 4
845 1
846 4
847 9
848 4
849 2
850 4
851 1
852 6
853 6
854 3
855 4
856 4
857 4
858 3
859 9
860 4
861 9
862 6
863 6
864 8
865 8
866 1
867 4
868 8
869 6
870 2
871 4
872 8
873 9
874 9
875 2
876 1
877 7
878 2
879 7
880 3
881 3
882 4
883 9
884 4
885 1
886 8
887 5
888 5
889 3
890 9
891 5
892 2
893 2
894 5
895 6
896 1
897 5
898 5
899 5
900 3
901 6
902 7
903 7
904 5
905 8
906 4
907 3
908 7
909 3
910 9
911 3
912 3
913 3
914 8
915 7
916 2
917 3
918 8
919 4
920 5
921 7
922 1
923 1
924 7
925 1
926 2
927 7
928 1
929 1
930 9
931 8
932 9
933 4
934 5
935 8
936 8
937 7
938 5
939 8
940 4
941 5
942 2
943 8
944 3
945 6
946 9
947 5
948 7
949 1
950 1
951 5
952 7
953 3
954 1
955 3
956 6
957 7
958 2
959 1
960 5
961 9
962 7
963 4
964 2
965 3
966 8
967 4
968 9
969 8
970 7
971 7
972 7
973 7
974 7
975 9
976 6
977 2
978 3
979 6
980 1
981 6
982 3
983 9
984 2
985 1
986 9
987 1
988 6
989 9
990 1
991 6
992 2
993 4
994 3
995 1
996 2
997 7
998 8
999 1
1000 9
1001 3
1002 9
1003 8
1004 7
1005 2
1006 6
1007 8
1008 4
1009 4
1010 8
1011 7
1012 1
1013 8
1014 8
1015 9
1016 1
1017 9
1018 8
1019 6
1020 3
1021 2
1022 5
1023 4
1024 7
1025 5
1026 4
1027 4
1028 3
1029 4
1030 8
1031 3
1032 9
1033 2
1034 2
1035 8
1036 3
1037 4
1038 3
1039 1
1040 9
1041 4
1042 9
1043 6
1044 1
1045 1
1046 2
1047 5
1048 6
1049 8
1050 6
1051 8
1052 6
1053 6
1054 8
1055 9
1056 3
1057 5
1058 3
1059 4
1060 9
1061 9
1062 2
1063 6
1064 9
1065 9
1066 4
1067 1
1068 2
1069 5
1070 5
1071 1
1072 2
1073 6
1074 5
1075 1
1076 4
1077 2
1078 8
1079 4
1080 9
1081 4
1082 4
1083 6
1084 6
1085 1
1086 1
1087 9
1088 7
1089 8
1090 1
1091 6
1092 8
1093 7
1094 7
1095 4
1096 5
1097 2
1098 7
1099 4
1100 2
1101 5
1102 6
1103 7
1104 7
1105 6
1106 6
1107 6
1108 2
1109 8
1110 6
1111 7
1112 2
1113 3
1114 7
1115 7
1116 2
1117 4
1118 3
1119 6
1120 1
1121 5
1122 9
1123 3
1124 2
1125 2
1126 5
1127 5
1128 6
1129 6
1130 6
1131 2
1132 6
1133 7
1134 9
1135 3
1136 8
1137 7
1138 7
1139 6
1140 8
1141 3
1142 2
1143 8
1144 6
1145 6
1146 3
1147 3
1148 4
1149 8
1150 6
1151 2
1152 9
1153 6
1154 4
1155 7
1156 3
1157 6
1158 4
1159 6
1160 8
1161 9
1162 7
1163 2
1164 1
1165 5
1166 7
1167 8
1168 6
1169 7
1170 7
1171 2
1172 4
1173 9
1174 9
1175 3
1176 9
1177 6
1178 2
1179 5
1180 9
1181 7
1182 9
1183 5
1184 9
1185 4
1186 2
1187 9
1188 7
1189 9
1190 4
1191 6
1192 2
1193 4
1194 6
1195 8
1196 5
1197 2
1198 6
1199 4
1200 5
1201 8
1202 3
1203 7
1204 8
1205 6
1206 9
1207 2
1208 2
1209 2
1210 8
1211 9
1212 6
1213 5
1214 3
1215 9
1216 5
1217 7
1218 2
1219 3
1220 2
1221 4
1222 3
1223 9
1224 9
1225 1
1226 4
1227 4
1228 5
1229 8
1230 1
1231 1
1232 7
1233 9
1234 4
1235 7
1236 3
1237 2
1238 5
1239 8
1240 6
1241 9
1242 7
1243 5
1244 7
1245 2
1246 1
1247 3
1248 8
1249 3
1250 1
1251 2
1252 5
1253 4
1254 3
1255 6
1256 4
1257 8
1258 1
1259 5
1260 1
1261 8
1262 6
1263 1
1264 5
1265 2
1266 9
1267 1
1268 1
1269 9
1270 3
1271 5
1272 9
1273 7
1274 2
1275 3
1276 9
1277 7
1278 1
1279 6
1280 2
1281 2
1282 8
1283 8
1284 1
1285 1
1286 2
1287 8
1288 6
1289 4
1290 4
1291 6
1292 9
1293 1
1294 8
1295 7
1296 8
1297 9
1298 2
1299 5
1300 4
1301 7
1302 7
1303 8
1304 9
1305 6
1306 6
1307 5
1308 9
1309 3
1310 8
1311 7
1312 3
1313 6
1314 4
1315 9
1316 1
1317 4
1318 8
1319 1
1320 6
1321 1
1322 7
1323 1
1324 1
1325 3
1326 5
1327 3
1328 2
1329 8
1330 9
1331 2
1332 8
1333 9
1334 1
1335 7
1336 9
1337 1
1338 4
1339 6
1340 5
1341 4
1342 4
1343 1
1344 8
1345 9
1346 4
1347 5
1348 8
1349 5
1350 7
1351 4
1352 3
1353 5
1354 2
1355 5
1356 2
1357 9
1358 2
1359 4
1360 6
1361 6
1362 5
1363 9
1364 2
1365 7
1366 8
1367 9
1368 5
1369 2
1370 2
1371 2
1372 5
1373 3
1374 2
1375 4
1376 3
1377 1
1378 1
1379 5
1380 6
1381 1
1382 7
1383 6
1384 4
1385 5
1386 3
1387 3
1388 2
1389 9
1390 9
1391 6
1392 6
1393 1
1394 4
1395 3
1396 8
1397 6
1398 2
1399 6
1400 9
1401 6
1402 2
1403 4
1404 2
1405 5
1406 1
1407 8
1408 4
1409 9
1410 1
1411 9
1412 5
1413 5
1414 2
1415 4
1416 1
1417 5
1418 3
1419 9
1420 9
1421 8
1422 1
1423 7
1424 2
1425 5
1426 9
1427 7
1428 7
1429 6
1430 6
1431 5
1432 7
1433 7
1434 8
1435 7
1436 8
1437 9
1438 5
1439 1
1440 4
1441 5
1442 7
1443 7
1444 4
1445 5
1446 6
1447 9
1448 5
1449 7
1450 5
1451 5
1452 8
1453 4
1454 2
1455 1
1456 3
1457 7
1458 5
1459 7
1460 4
1461 5
1462 4
1463 4
1464 6
1465 9
1466 4
1467 4
1468 7
1469 9
1470 7
1471 8
1472 6
1473 7
1474 7
1475 8
1476 7
1477 4
1478 5
1479 8
1480 5
1481 4
1482 1
1483 8
1484 5
1485 6
1486 3
1487 9
1488 4
1489 2
1490 9
1491 4
1492 6
1493 3
1494 4
1495 3
1496 2
1497 2
1498 8
1499 3
1500 2
1501 9
1502 1
1503 7
1504 7
1505 3
1506 5
1507 7
1508 8
1509 3
1510 6
1511 5
1512 2
1513 2
1514 8
1515 1
1516 7
1517 6
1518 5
1519 3
1520 8
1521 2
1522 6
1523 4
1524 6
1525 6
1526 5
1527 2
1528 5
1529 6
1530 3
1531 7
1532 2
1533 5
1534 7
1535 5
1536 4
1537 6
1538 4
1539 6
1540 5
1541 3
1542 7
1543 3
1544 4
1545 2
1546 3
1547 6
1548 6
1549 7
1550 5
1551 9
1552 9
1553 4
1554 2
1555 3
1556 9
1557 4
1558 8
1559 7
1560 2
1561 8
1562 2
1563 8
1564 2
1565 5
1566 2
1567 6
1568 4
1569 7
1570 3
1571 9
1572 7
1573 9
1574 6
1575 9
1576 5
1577 2
1578 2
1579 6
1580 8
1581 4
1582 4
1583 9
1584 6
1585 3
1586 1
1587 8
1588 8
1589 7
1590 4
1591 5
1592 8
1593 3
1594 9
1595 4
1596 5
1597 2
1598 1
1599 8
1600 7
1601 3
1602 4
1603 8
1604 1
1605 1
1606 7
1607 1
1608 5
1609 7
1610 9
1611 4
1612 5
1613 5
1614 7
1615 7
1616 8
1617 3
1618 9
1619 4
1620 6
1621 8
1622 9
1623 9
1624 1
1625 8
1626 4
1627 4
1628 5
1629 9
1630 8
1631 5
1632 6
1633 2
1634 4
1635 7
1636 3
1637 4
1638 5
1639 7
1640 2
1641 5
1642 1
1643 7
1644 5
1645 7
1646 8
1647 7
1648 8
1649 7
1650 6
1651 3
1652 4
1653 1
1654 7
1655 3
1656 1
1657 4
1658 1
1659 9
1660 8
1661 7
1662 5
1663 9
1664 3
1665 2
1666 3
1667 4
1668 2
1669 8
1670 2
1671 7
1672 1
1673 6
1674 5
1675 1
1676 9
1677 3
1678 4
1679 9
1680 7
1681 3
1682 2
1683 1
1684 9
1685 9
1686 4
1687 5
1688 6
1689 4
1690 5
1691 7
1692 7
1693 7
1694 3
1695 1
1696 4
1697 2
1698 4
1699 2
1700 4
1701 1
1702 5
1703 8
1704 1
1705 2
1706 5
1707 1
1708 1
1709 1
1710 1
1711 4
1712 2
1713 4
1714 9
1715 1
1716 9
1717 3
1718 6
1719 1
1720 3
1721 8
1722 1
1723 8
1724 4
1725 8
1726 4
1727 5
1728 6
1729 7
1730 4
1731 5
1732 8
1733 2
1734 6
1735 5
1736 7
1737 8
1738 1
1739 1
1740 1
1741 9
1742 3
1743 2
1744 9
1745 2
1746 8
1747 8
1748 7
1749 3
1750 8
1751 6
1752 4
1753 1
1754 1
1755 7
1756 7
1757 6
1758 5
1759 9
1760 7
1761 2
1762 4
1763 6
1764 6
1765 2
1766 8
1767 2
1768 9
1769 9
1770 5
1771 5
1772 4
1773 2
1774 8
1775 1
1776 3
1777 2
1778 8
1779 7
1780 5
1781 6
1782 8
1783 8
1784 6
1785 4
1786 1
1787 2
1788 5
1789 5
1790 3
1791 4
1792 4
1793 5
1794 1
1795 6
1796 2
1797 5
1798 4
1799 6
1800 9
1801 7
1802 6
1803 1
1804 4
1805 7
1806 3
1807 5
1808 5
1809 4
1810 8
1811 9
1812 8
1813 6
1814 8
1815 9
1816 6
1817 7
1818 1
1819 4
1820 7
1821 1
1822 6
1823 2
1824 7
1825 3
1826 4
1827 9
1828 9
1829 3
1830 7
1831 7
1832 9
1833 2
1834 3
1835 4
1836 8
1837 4
1838 7
1839 2
1840 8
1841 7
1842 2
1843 5
1844 2
1845 2
1846 7
1847 1
1848 5
1849 1
1850 5
1851 7
1852 6
1853 1
1854 2
1855 9
1856 7
1857 5
1858 1
1859 5
1860 3
1861 4
1862 7
1863 8
1864 4
1865 6
1866 1
1867 7
1868 4
1869 5
1870 2
1871 4
1872 9
1873 2
1874 3
1875 8
1876 3
1877 5
1878 4
1879 2
1880 3
1881 7
1882 6
1883 8
1884 8
1885 6
1886 8
1887 5
1888 2
1889 1
1890 9
1891 5
1892 8
1893 8
1894 3
1895 6
1896 8
1897 5
1898 8
1899 4
1900 7
1901 2
1902 3
1903 3
1904 6
1905 8
1906 8
1907 1
1908 8
1909 7
1910 6
1911 1
1912 9
1913 7
1914 5
1915 7
1916 6
1917 2
1918 2
1919 6
1920 2
1921 6
1922 8
1923 8
1924 1
1925 6
1926 4
1927 4
1928 1
1929 6
1930 6
1931 8
1932 7
1933 5
1934 2
1935 9
1936 5
1937 2
1938 8
1939 3
1940 3
1941 8
1942 6
1943 4
1944 3
1945 8
1946 6
1947 3
1948 4
1949 1
1950 8
1951 6
1952 7
1953 7
1954 5
1955 7
1956 5
1957 1
1958 4
1959 2
1960 7
1961 8
1962 1
1963 7
1964 9
1965 9
1966 7
1967 5
1968 6
1969 1
1970 5
1971 2
1972 8
1973 3
1974 7
1975 9
1976 6
1977 7
1978 2
1979 2
1980 5
1981 7
1982 1
1983 5
1984 6
1985 3
1986 8
1987 4
1988 1
1989 2
1990 6
1991 6
1992 6
1993 9
1994 7
1995 9
1996 5
1997 7
1998 6
1999 2
2000 9
